10,114
10,216
10,186
10,76
10,142
10,192
10,3
9,4
9,6
9,2
9,3
8,4
37,3
37,2
37,1
37,0
36,5
36,4
36,3
36,2
36,1
36,0
35,4
35,3
35,2
35,1
35,0
34,3
34,1
20,3
20,2
20,1
19,3
19,2
19,1
18,3
18,1
14,3
14,1
13,3
13,1
12,3
12,2
12,1
11,28
11,27
11,26
11,25
11,24
11,22
11,21
11,20
11,19
11,18
11,17
11,16
11,15
11,14
11,13
11,12
11,11
11,9
11,8
11,7
11,6
11,5
11,4
11,3
11,2
11,1
10,303
10,302
10,298
10,293
10,288
10,287
10,284
10,276
10,274
10,262
10,259
10,258
10,252
10,248
10,247
2,2
10,246
2,1
10,245
2,3
10,243
10,241
10,224
10,218
10,206
10,204
10,203
